10000
807 249
73 658
930 272
544 878
923 709
440 165
492 42
987 503
327 729
840 612
303 169
709 157
560 933
99 278
816 335
97 826
512 267
810 633
979 149
579 821
967 672
393 336
485 745
228 91
194 357
1 153
708 944
668 490
124 196
530 903
722 666
549 24
801 853
977 408
228 933
298 981
635 13
865 814
63 536
425 669
115 94
629 501
517 195
105 404
451 298
188 123
505 882
752 566
716 337
438 144
501 897
871 828
137 358
177 397
294 904
609 231
745 175
635 298
142 399
968 412
260 557
594 8
395 968
113 530
6 962
942 365
82 852
767 821
695 712
671 901
590 831
738 57
616 790
640 679
335 6
972 98
95 319
454 223
289 760
905 126
123 506
813 770
238 94
220 844
366 534
226 394
363 738
844 590
550 159
623 947
385 217
272 539
247 385
496 885
623 420
144 968
735 915
625 534
42 11
679 152
244 295
818 396
692 815
991 33
669 397
553 547
825 210
662 211
808 377
761 625
335 868
995 776
767 439
874 331
556 301
872 560
94 984
755 789
407 15
193 769
680 455
855 506
963 502
676 108
249 331
844 638
808 997
651 849
203 731
531 14
419 775
9 180
929 223
54 260
737 545
317 525
200 256
564 597
648 704
550 150
976 412
554 797
504 381
748 65
378 699
209 129
553 483
447 607
773 322
305 176
53 224
630 366
400 444
370 285
16 898
155 133
557 576
178 266
357 711
878 614
819 737
133 591
720 762
633 197
31 588
589 873
877 304
358 200
254 960
915 947
480 730
955 546
107 238
0 926
35 857
113 114
593 360
354 418
357 585
729 15
563 102
917 643
419 967
747 269
395 303
473 103
748 385
658 459
406 930
824 132
973 603
897 920
950 231
480 203
900 520
533 258
3 676
950 934
780 879
832 574
549 542
249 771
310 879
983 970
40 723
650 971
229 318
746 299
230 621
776 124
244 958
696 771
64 560
598 751
940 503
551 801
205 80
418 274
649 413
320 25
12 783
788 117
8 550
324 195
257 511
690 666
410 593
553 565
960 742
403 352
307 141
910 200
799 127
171 787
414 625
641 517
348 842
315 974
445 373
220 911
239 54
305 929
253 189
166 356
304 860
898 592
720 116
580 867
352 939
698 901
811 616
891 671
728 671
661 45
120 240
158 453
627 350
711 563
594 533
727 827
795 531
442 516
6 515
924 601
97 661
103 324
108 936
281 15
710 216
905 973
781 720
791 169
865 827
536 728
125 384
167 949
476 46
576 666
467 520
384 991
210 258
211 744
518 718
934 825
767 689
818 14
825 918
28 29
34 727
240 754
540 396
935 83
48 865
11 252
64 876
237 675
245 710
415 192
710 747
37 299
447 715
693 579
129 164
979 501
525 289
958 33
800 89
670 217
846 38
543 338
936 321
719 496
247 788
359 987
35 235
912 684
989 784
734 667
519 615
45 976
661 825
819 631
903 698
798 639
4 503
679 765
391 107
924 365
121 454
106 450
703 832
32 141
654 977
217 900
289 465
747 622
879 317
516 48
762 29
39 708
903 657
761 752
466 621
557 996
955 930
494 555
221 312
293 427
232 444
791 198
152 856
570 303
439 914
799 766
835 921
43 752
86 719
150 410
623 669
605 943
311 431
992 816
699 971
639 370
836 891
857 833
328 177
410 683
176 489
91 434
711 904
26 891
790 522
364 890
884 813
441 127
179 784
537 870
561 581
165 802
732 332
854 759
847 377
462 10
819 150
377 941
836 720
299 112
759 956
390 152
48 14
44 918
150 101
295 821
731 501
245 961
57 510
928 805
173 137
669 96
503 421
675 518
300 489
262 54
263 643
889 250
735 415
364 494
963 758
652 92
316 714
420 60
450 368
741 847
196 787
501 234
128 571
448 875
253 871
329 293
719 471
820 764
79 630
410 80
113 342
138 382
44 828
393 575
980 0
596 947
370 87
543 733
852 261
824 400
380 778
857 423
498 14
845 662
509 610
849 218
290 55
743 555
385 534
275 321
151 226
251 459
783 714
437 879
698 100
137 285
878 284
342 915
960 67
140 707
566 728
562 363
969 890
623 278
313 761
10 840
978 0
394 507
656 551
786 431
544 739
776 584
252 108
514 454
19 28
671 370
663 947
24 543
854 8
981 552
288 163
359 19
379 356
461 487
353 899
788 244
880 466
283 274
236 909
567 834
939 684
651 549
266 467
110 589
327 773
581 295
936 874
435 231
972 28
798 70
587 297
89 646
90 111
612 463
112 781
951 230
321 213
128 950
600 959
754 992
194 330
632 559
777 779
632 272
383 81
153 622
521 956
818 591
900 196
120 704
599 129
144 175
870 416
599 80
618 288
452 128
800 662
840 149
385 583
515 659
878 959
561 382
48 54
440 381
770 28
251 544
869 595
469 710
172 923
125 219
850 431
243 846
869 670
394 610
392 64
524 361
519 620
562 661
725 434
949 90
322 260
93 928
122 381
366 468
23 722
639 517
793 364
178 956
771 341
355 836
489 728
120 902
312 616
347 946
851 672
811 523
736 605
607 633
866 553
412 925
40 153
257 733
295 139
251 258
694 160
138 929
875 598
292 633
562 276
236 646
873 464
484 192
119 842
328 859
262 145
716 127
172 748
0 370
398 292
545 928
300 143
192 563
783 272
801 9
221 486
513 769
531 357
819 486
856 816
254 754
814 615
537 966
297 877
760 412
191 231
174 463
877 324
784 833
750 527
999 429
609 144
364 451
812 979
134 407
583 600
259 310
753 891
321 225
253 929
96 553
661 858
491 963
920 768
687 526
472 219
641 204
951 92
445 370
474 962
176 317
826 413
344 571
979 35
129 288
848 978
617 723
838 508
929 926
968 806
199 255
829 276
488 896
819 864
137 416
318 491
683 398
120 748
961 651
18 977
946 661
478 228
63 235
506 308
968 679
119 323
677 392
953 978
853 295
271 475
204 962
32 819
531 35
468 468
610 234
270 778
265 45
279 75
327 687
363 37
766 534
83 675
184 555
156 399
664 93
886 633
924 47
194 330
767 665
910 682
805 314
652 241
585 591
806 760
960 912
403 430
85 200
585 467
484 988
200 686
100 495
199 102
428 183
917 136
802 489
578 725
789 722
595 605
319 691
721 774
514 862
706 283
626 419
801 330
644 375
258 462
131 736
720 308
24 947
508 411
397 0
314 896
999 645
533 962
539 754
821 286
536 10
662 173
493 635
988 571
838 821
891 413
560 957
92 743
775 768
413 415
636 891
347 369
832 134
928 143
879 906
54 807
537 203
421 447
34 949
416 759
938 550
183 186
96 685
524 922
363 181
12 251
202 495
536 454
208 980
31 830
95 714
112 136
937 9
685 919
381 610
908 609
439 867
119 266
999 520
515 577
922 142
980 881
885 30
325 436
994 945
602 233
480 456
834 517
881 781
458 805
992 160
651 201
542 944
635 555
872 443
322 13
441 781
779 518
160 729
955 82
364 32
313 195
328 504
855 711
881 610
904 551
616 761
864 405
122 113
943 636
118 994
188 743
639 502
343 70
219 212
317 932
782 97
859 73
590 819
10 911
15 978
542 45
270 562
8 983
99 709
213 550
951 665
502 617
953 299
916 584
869 442
503 515
329 257
382 264
352 154
526 27
755 259
952 386
422 129
786 549
879 198
890 603
686 443
827 585
198 587
817 31
476 461
563 214
383 832
722 511
791 871
142 733
553 30
380 704
915 887
110 681
558 786
433 40
659 936
562 938
754 526
526 712
595 621
177 341
158 54
20 197
727 451
462 332
937 804
57 405
907 943
258 539
343 697
281 965
457 605
117 412
624 184
459 299
216 740
851 846
922 893
615 49
361 649
231 796
123 696
444 250
238 431
359 935
265 801
387 437
948 120
424 894
775 903
989 286
845 143
257 332
261 578
104 202
31 220
686 630
643 367
648 844
317 749
125 273
863 416
680 348
979 957
814 705
189 307
905 527
614 715
308 897
449 495
29 26
866 398
985 662
518 853
579 203
383 723
559 221
174 34
675 702
436 279
915 750
13 850
492 948
83 981
847 208
706 178
306 267
114 910
470 358
617 946
304 656
663 637
898 734
656 508
12 113
280 724
104 613
73 962
979 377
269 147
631 753
633 739
520 194
597 424
871 958
320 948
18 401
517 392
613 580
356 940
594 868
670 463
649 134
425 871
891 650
217 10
654 525
901 494
392 34
970 546
187 121
565 589
971 865
160 110
775 109
694 323
534 474
414 494
423 875
77 357
627 222
574 172
839 39
183 417
530 890
606 896
12 895
938 516
321 684
227 578
460 972
487 635
581 526
194 30
295 258
419 212
443 312
706 628
593 926
226 726
733 981
296 392
61 9
377 124
522 240
52 815
180 292
151 52
973 677
417 626
465 261
739 849
7 719
430 376
825 581
327 659
497 193
225 829
822 348
553 879
468 227
424 431
277 406
500 272
601 930
698 77
549 294
127 652
59 577
670 151
224 84
20 15
219 177
695 895
664 600
118 117
723 617
754 568
587 575
913 122
157 716
582 142
962 8
440 305
170 406
201 719
620 962
317 135
752 894
235 610
831 363
851 847
451 110
549 447
234 748
223 88
771 932
959 256
345 702
723 889
819 494
886 107
392 500
946 401
365 744
756 474
917 775
695 866
864 491
791 940
756 59
897 97
309 563
22 85
899 519
720 392
148 53
776 876
833 797
193 903
8 374
766 303
630 581
186 725
669 425
158 185
399 421
114 260
56 872
53 853
775 581
555 162
48 745
452 470
631 400
263 547
919 370
201 959
582 579
996 29
501 656
930 581
420 362
151 45
170 454
157 93
15 808
861 966
173 878
86 30
52 26
379 710
432 951
772 301
187 879
608 537
36 202
478 123
88 574
509 596
123 762
123 846
879 155
674 722
431 657
971 579
194 527
656 36
216 347
813 584
257 860
557 600
236 513
533 475
910 162
266 806
108 507
173 537
896 55
224 466
408 833
561 557
571 576
114 914
289 735
859 638
694 460
927 343
842 455
121 711
580 612
809 690
483 545
438 434
938 764
481 840
550 118
175 598
274 687
842 588
820 782
805 734
220 46
903 620
850 975
362 342
70 438
142 115
735 177
734 267
874 580
390 696
6 881
43 272
355 638
975 620
375 986
197 305
537 595
783 495
176 883
82 827
151 599
305 951
377 6
790 595
396 661
231 725
606 379
470 24
357 122
53 473
280 503
83 934
582 857
563 41
637 829
687 786
951 94
622 630
630 154
506 219
717 483
139 913
692 639
144 68
83 429
865 805
387 940
287 197
679 568
363 900
999 447
501 488
205 320
244 572
76 430
319 969
988 629
152 132
558 607
681 562
216 409
245 548
685 708
813 867
105 614
654 335
470 163
979 958
39 59
945 523
748 744
177 737
491 42
498 777
4 382
556 175
133 210
292 670
270 953
353 328
128 873
82 771
300 405
455 621
384 934
847 328
488 785
308 158
774 923
261 872
924 335
389 856
344 998
747 895
967 383
576 943
836 537
146 362
757 942
596 903
381 281
294 788
804 655
687 983
217 565
293 256
938 851
487 190
680 832
526 429
707 414
617 925
638 526
545 357
125 307
879 551
641 959
981 465
325 494
893 64
563 429
501 872
940 53
329 232
280 359
474 40
776 589
704 18
968 486
266 662
374 698
821 27
415 227
841 409
158 935
765 761
761 832
272 219
194 803
254 131
516 304
683 474
113 411
544 708
759 805
672 792
172 215
229 513
143 480
509 305
184 49
511 209
383 848
785 307
760 580
989 63
733 566
585 200
585 442
174 391
663 893
303 198
363 761
991 177
89 797
829 712
569 860
531 465
711 513
96 50
804 123
888 722
820 816
365 377
372 612
380 76
900 41
618 475
919 943
763 781
58 582
467 152
551 461
895 617
429 627
991 286
460 456
992 1
239 411
384 970
513 670
308 985
120 357
245 297
879 199
702 783
167 419
969 137
829 799
618 218
805 815
837 315
129 24
915 966
472 496
160 778
279 371
324 445
780 577
558 954
115 608
621 608
945 852
95 211
10 160
282 910
282 110
301 860
635 20
684 6
605 708
777 624
49 993
544 416
624 81
61 985
638 203
507 22
13 295
851 183
698 857
800 356
89 801
499 10
674 295
528 691
647 581
293 520
168 415
476 524
53 764
487 795
519 693
806 505
231 378
349 230
209 387
632 974
984 270
553 911
388 164
938 688
607 662
158 816
175 977
492 377
29 290
860 751
27 521
439 740
364 777
136 5
11 684
655 975
159 539
649 899
172 974
990 466
742 222
21 460
834 447
293 417
101 365
248 774
332 388
765 258
2 310
719 310
437 992
736 848
8 750
933 319
37 632
694 593
10 811
905 458
207 553
574 664
907 802
814 869
439 514
87 595
448 67
313 867
560 253
670 883
956 368
226 400
322 437
199 571
896 417
341 158
435 888
471 873
107 920
292 193
552 189
13 828
603 198
417 550
988 546
43 365
688 811
766 443
638 4
167 757
122 46
331 703
120 27
464 951
205 729
842 416
188 150
685 302
673 45
397 115
252 388
386 528
717 622
723 326
196 661
79 884
842 890
597 628
311 343
544 452
925 238
72 387
457 515
327 761
782 977
144 228
813 535
901 239
723 323
964 991
458 959
343 748
527 452
133 8
541 121
899 469
730 381
576 213
507 154
398 469
415 680
647 827
475 788
186 864
247 706
38 627
702 331
79 757
146 727
440 738
441 842
502 465
369 11
908 502
843 373
80 836
2 564
970 401
587 40
108 955
205 787
414 401
665 999
159 457
390 43
882 482
903 239
184 261
604 432
27 784
524 856
414 707
948 608
904 987
835 732
136 757
525 564
954 328
233 623
230 244
370 132
304 285
679 164
655 126
679 410
720 590
501 224
349 967
802 710
504 763
160 964
928 927
101 600
382 544
985 69
823 855
768 678
927 869
274 421
237 557
320 789
812 242
683 802
541 152
67 987
288 107
33 832
281 503
232 427
750 985
970 19
23 865
574 217
818 793
200 534
791 357
119 545
793 612
79 969
518 830
498 549
657 190
768 808
426 872
652 117
993 611
441 731
707 268
763 801
922 737
258 978
46 194
163 583
910 84
773 787
232 769
307 762
484 148
135 630
698 594
626 50
134 815
68 591
599 371
569 601
396 410
873 592
11 128
900 512
379 539
69 851
414 864
884 611
644 991
127 441
399 397
495 6
291 911
538 882
453 318
123 3
980 808
873 937
180 899
293 249
143 818
946 75
775 281
776 330
335 128
448 197
162 661
247 337
814 195
630 807
856 325
343 666
15 850
142 75
523 865
12 29
380 973
157 556
223 353
6 952
376 362
938 211
266 294
309 682
396 9
296 644
735 765
658 3
903 404
846 955
950 175
627 963
152 711
784 987
116 277
251 290
683 220
999 790
242 311
836 262
660 269
714 278
66 957
899 850
19 298
643 968
176 501
46 488
720 481
249 711
347 844
476 796
78 256
236 662
639 639
479 487
266 100
606 91
356 898
346 870
633 1
590 384
58 127
594 986
97 89
235 727
968 500
464 540
788 210
883 223
831 623
156 714
812 169
752 162
881 935
235 671
424 70
866 593
128 626
333 199
303 126
688 241
489 419
681 415
923 798
452 268
961 889
501 183
993 420
613 42
26 250
956 432
306 892
964 902
906 90
719 302
134 275
992 432
594 769
43 947
427 795
964 793
166 94
484 558
321 666
870 742
592 154
129 545
547 272
780 796
697 246
540 106
400 643
781 414
775 217
302 892
11 868
275 137
798 432
737 766
586 692
504 960
459 615
395 385
281 63
268 564
78 425
504 115
526 586
740 723
908 550
59 420
97 79
18 317
157 30
721 51
71 528
22 599
952 256
749 76
704 648
687 633
14 657
59 210
276 800
16 170
72 555
442 786
914 586
129 283
587 587
731 659
585 199
719 571
269 703
653 596
441 298
148 237
226 21
928 994
563 327
747 198
931 190
890 330
723 617
129 307
183 539
374 433
146 489
131 871
155 36
479 146
84 876
874 384
385 887
545 249
900 986
308 413
912 527
950 642
185 971
349 854
968 260
596 759
673 298
685 948
619 167
104 133
429 790
94 966
31 411
269 758
399 757
745 423
655 775
220 676
975 85
768 592
567 824
144 786
190 113
325 238
743 703
312 611
896 872
63 896
827 365
703 219
243 871
600 249
529 738
797 965
916 443
779 947
648 177
148 580
560 138
992 761
517 76
588 542
145 104
779 469
675 465
753 715
540 169
27 701
156 510
585 693
706 593
472 815
299 505
446 953
37 149
822 120
454 822
846 459
196 128
752 216
657 876
299 193
903 536
263 435
515 119
621 493
152 344
515 876
623 980
9 937
923 885
742 441
757 802
698 243
162 385
334 992
123 679
83 894
386 552
193 277
609 454
67 568
598 150
52 854
432 508
401 190
141 344
194 287
174 331
937 582
296 881
272 182
433 256
236 530
415 70
311 333
546 445
520 597
826 912
14 833
501 177
983 535
945 366
870 269
547 584
781 332
641 281
501 247
223 815
861 661
232 26
740 562
964 759
577 435
55 823
926 59
923 865
939 646
667 721
83 951
673 43
586 599
417 861
793 155
614 294
916 673
207 201
380 58
804 91
844 381
963 198
592 490
720 954
429 740
181 960
555 182
979 965
495 415
250 888
789 425
457 186
382 45
714 693
642 81
312 996
966 366
790 61
489 659
635 219
336 992
323 781
602 805
627 618
105 663
92 138
549 933
108 736
231 496
28 709
544 217
936 436
309 539
290 814
4 868
56 284
17 275
665 912
610 459
188 348
633 832
734 906
650 210
707 775
420 308
721 507
199 957
461 207
190 710
600 136
578 238
893 115
915 572
647 343
751 339
995 626
614 685
419 80
98 856
209 489
645 165
76 151
441 973
815 744
746 3
283 540
133 253
886 852
812 668
282 387
568 562
704 596
812 964
809 45
16 709
261 578
361 31
512 11
56 960
999 197
342 506
523 544
907 284
787 580
57 378
940 809
262 66
121 936
807 926
437 136
106 952
330 967
600 36
616 515
446 599
677 312
480 636
124 910
587 254
935 23
431 173
777 757
894 216
665 471
12 476
325 507
209 75
450 792
606 563
188 29
200 736
3 315
31 275
197 108
696 509
716 677
675 24
557 519
92 544
657 115
972 254
225 167
137 748
796 870
536 413
642 41
678 603
981 362
219 808
711 776
182 367
423 668
120 951
420 749
662 624
291 865
771 29
869 73
383 127
568 988
11 230
624 957
639 259
660 179
624 477
686 601
865 32
747 362
291 179
991 0
687 431
623 718
35 310
224 219
557 292
264 376
905 336
431 366
492 726
920 677
404 985
307 505
412 806
571 218
894 781
69 233
71 381
586 62
800 619
141 479
109 185
379 582
980 656
19 494
486 959
122 463
383 330
728 450
599 65
597 839
683 613
553 692
824 153
713 495
11 720
569 843
568 467
151 510
315 264
391 249
540 887
23 44
538 121
67 352
752 812
456 62
551 184
300 616
27 717
220 208
110 861
90 863
90 658
504 932
742 173
810 811
257 653
14 872
900 407
21 338
760 481
34 537
882 641
510 633
637 504
109 391
449 160
71 536
959 949
475 725
387 828
880 7
955 772
7 623
997 62
712 14
238 596
419 347
863 174
558 269
132 12
67 179
722 366
448 254
263 884
647 779
600 137
823 620
611 955
138 645
219 709
777 143
708 292
276 749
2 152
13 271
874 671
104 701
186 391
200 422
215 64
957 871
413 982
877 685
350 558
870 854
409 605
210 374
791 458
66 977
983 571
715 733
491 258
221 544
683 318
173 585
440 484
27 761
28 6
615 173
14 631
354 612
932 412
139 379
112 757
818 401
47 35
187 325
993 59
933 853
407 407
252 93
690 269
33 935
823 276
161 418
315 649
779 932
802 588
935 756
605 222
234 846
404 175
793 420
848 798
187 646
297 167
420 739
173 299
116 605
656 364
534 600
417 261
656 700
429 199
604 788
327 460
196 834
482 753
648 901
904 340
436 550
22 984
681 719
372 601
790 443
369 674
779 208
585 85
322 211
78 87
2 575
621 382
916 793
670 160
281 875
912 863
551 228
48 887
257 789
90 605
89 5
489 385
767 936
105 623
359 336
888 234
451 732
666 888
535 515
769 297
87 886
390 390
169 552
296 255
801 200
890 234
594 600
874 588
286 25
353 391
868 275
420 81
499 85
795 619
851 995
139 395
669 445
798 994
179 447
743 196
926 463
945 326
771 19
985 919
480 79
734 126
47 358
624 496
473 598
991 553
539 800
530 706
660 128
938 500
610 728
58 487
194 152
980 856
698 615
55 422
343 759
449 128
100 470
65 592
889 466
592 452
157 724
490 87
205 231
689 456
338 890
750 967
196 291
944 816
233 958
862 66
319 232
402 918
977 781
193 889
947 971
849 47
341 965
679 614
399 760
266 527
771 94
17 41
995 615
97 974
851 974
446 217
379 266
79 1
997 52
237 650
870 331
14 68
197 491
878 513
219 529
912 803
536 498
689 286
109 543
795 499
204 75
733 204
261 363
861 922
451 61
442 162
488 685
203 874
518 56
296 278
511 537
536 389
760 220
177 798
818 997
480 138
735 62
903 40
392 276
474 326
734 364
147 643
892 876
363 268
90 616
796 53
860 957
277 558
365 794
538 130
913 927
11 851
46 948
582 126
171 108
678 273
705 615
642 722
190 918
284 250
944 269
610 197
902 353
460 342
891 56
157 636
689 26
458 657
401 240
12 567
548 213
423 432
375 36
571 97
654 141
521 137
572 481
846 936
632 445
691 624
769 641
181 218
183 777
393 668
608 390
520 747
606 315
41 939
735 133
294 916
435 270
876 196
963 140
491 491
851 889
880 85
917 717
623 902
429 708
150 367
386 232
339 688
415 229
792 0
604 812
307 539
777 207
385 476
414 260
122 235
509 97
193 486
176 313
63 842
201 377
571 692
984 895
111 893
679 677
439 319
749 740
875 655
833 334
165 182
248 921
307 867
603 244
30 78
450 51
95 466
595 565
58 284
614 556
10 948
243 755
162 957
744 62
286 957
785 495
857 399
177 236
230 484
947 471
96 806
93 453
883 355
138 980
705 415
833 34
947 689
194 983
703 100
919 605
114 974
664 395
438 593
820 5
835 449
814 808
129 433
183 436
240 882
636 806
178 404
646 704
707 124
983 744
919 251
306 488
19 692
617 892
752 80
120 381
922 996
301 293
838 453
174 97
869 259
561 355
114 19
207 427
258 366
701 373
301 783
312 76
988 485
269 609
266 199
964 600
895 402
924 218
311 656
434 500
573 384
394 723
569 667
171 545
176 635
197 141
276 354
388 403
695 37
245 258
989 4
247 714
483 761
913 725
354 460
776 71
779 70
799 621
592 888
889 737
279 912
697 627
15 896
23 146
159 62
968 668
661 938
168 911
582 731
895 899
323 426
197 109
367 816
990 529
169 778
809 1
789 966
40 449
218 114
775 241
363 320
764 876
209 693
834 545
120 680
654 603
678 343
188 78
515 684
295 183
607 9
833 385
696 337
213 387
560 25
145 916
274 51
968 266
330 653
804 941
863 939
990 437
770 140
351 285
271 526
222 63
224 806
891 451
305 704
961 408
251 97
48 764
126 708
624 154
788 45
591 318
222 119
168 282
89 148
782 343
974 207
226 195
946 115
504 730
404 750
514 484
413 124
893 917
62 413
159 63
895 264
817 730
862 446
613 590
519 659
334 273
898 207
782 481
872 158
687 862
384 946
242 853
984 169
987 662
49 516
41 652
37 584
187 443
700 413
149 936
553 461
497 182
476 628
483 509
168 46
275 356
680 298
654 961
69 983
578 286
117 994
61 981
531 982
989 981
216 344
808 817
748 95
859 628
581 91
481 377
808 958
656 412
461 896
12 738
51 350
969 737
710 626
891 137
520 996
421 503
89 429
679 544
48 194
188 503
933 129
869 233
273 14
884 221
470 955
257 82
514 228
748 314
691 497
204 847
417 774
214 236
986 220
775 879
174 916
653 136
252 472
362 403
64 798
539 818
807 660
811 852
622 2
576 46
920 442
295 201
364 882
991 992
798 385
496 562
541 606
772 776
473 603
96 931
54 250
369 57
851 762
592 464
699 258
478 178
207 167
921 885
369 456
450 78
210 805
639 557
140 417
483 385
634 840
820 95
381 53
919 371
728 492
928 106
186 26
763 376
961 656
162 953
639 167
60 182
700 630
820 834
469 140
412 759
567 423
125 34
419 667
145 310
20 530
836 333
546 570
760 959
443 971
121 497
910 701
943 585
753 53
381 763
621 20
511 610
367 109
964 765
597 506
367 908
309 261
457 35
45 553
112 40
483 134
265 631
575 335
204 883
415 200
486 764
131 759
635 779
652 819
858 229
469 890
892 632
843 465
993 414
872 856
71 645
727 398
461 415
978 512
331 671
710 312
132 279
823 479
869 828
241 145
709 791
843 653
646 686
47 626
506 712
304 258
903 241
610 857
848 191
256 994
237 213
113 132
566 754
354 766
290 972
319 469
994 931
325 309
368 106
714 562
67 38
738 892
319 343
626 934
606 450
626 160
569 891
815 271
966 741
839 284
112 125
661 440
119 606
40 296
341 159
810 472
313 767
42 814
296 242
927 393
878 44
64 508
291 116
897 373
680 788
690 112
561 953
641 971
630 233
158 339
16 503
673 973
711 869
507 723
581 435
109 639
905 63
926 752
547 88
584 586
969 99
11 834
13 240
696 578
252 842
384 101
837 40
125 243
343 256
274 934
62 58
29 522
506 592
64 463
601 75
585 540
123 988
914 295
459 899
195 410
681 133
146 49
536 291
568 381
39 280
478 458
63 907
140 775
68 760
890 735
155 253
694 244
868 746
661 126
826 429
389 984
625 810
77 714
168 550
831 993
338 504
428 372
501 765
679 226
293 62
458 732
16 141
416 590
889 545
732 951
729 33
673 295
595 373
281 948
550 15
49 222
987 665
840 467
873 65
23 236
708 252
217 914
833 39
434 460
86 967
421 549
81 779
870 10
0 907
464 381
829 334
279 614
422 523
138 705
612 752
326 679
733 94
397 172
671 731
191 552
42 112
460 394
376 839
886 784
382 407
968 502
517 434
24 876
687 577
991 132
570 924
657 996
782 896
896 931
109 227
822 156
198 666
751 937
500 162
260 401
55 728
120 265
501 853
154 257
772 326
908 900
295 496
577 951
101 984
143 764
783 163
279 260
853 839
527 765
140 860
385 902
10 963
232 910
127 384
103 622
14 87
146 576
772 986
856 758
116 504
919 374
128 394
138 922
966 662
276 84
171 879
60 496
356 373
455 24
457 63
873 343
735 543
861 135
458 82
934 381
361 573
722 794
583 231
717 419
246 196
162 675
389 143
243 283
420 217
364 220
955 438
586 855
320 300
350 995
317 741
128 785
715 137
812 28
629 852
133 771
986 378
734 230
52 365
348 939
775 423
409 683
705 442
158 426
125 357
515 738
744 902
791 861
127 921
200 788
616 251
393 247
409 705
871 424
947 291
896 166
818 259
518 29
802 425
61 642
804 780
358 444
299 414
524 875
437 239
908 83
951 484
554 999
395 979
504 423
190 118
154 618
761 13
340 838
442 11
910 336
642 173
681 40
125 580
9 777
923 875
410 965
325 765
613 12
869 575
207 583
146 547
926 364
274 928
316 306
922 311
222 781
169 340
413 732
291 940
390 13
759 446
516 407
551 858
420 509
320 956
200 968
639 295
240 536
569 524
389 645
817 205
640 698
397 473
546 267
685 188
798 480
674 613
22 937
283 628
514 163
758 742
784 740
645 787
719 112
47 599
250 808
376 906
776 93
492 475
823 53
450 387
825 38
223 163
664 858
248 785
263 720
624 430
500 993
393 868
504 269
503 643
549 379
938 710
643 760
346 543
754 935
629 790
901 366
78 33
887 287
394 91
897 930
459 931
183 326
200 327
647 150
927 448
522 537
675 485
379 575
63 206
750 401
747 646
514 228
873 234
180 991
503 374
561 612
65 858
149 679
922 507
581 49
549 157
211 194
934 731
248 433
322 860
222 513
108 181
246 31
295 897
387 524
827 492
617 276
267 211
297 355
302 918
568 223
148 524
251 768
392 868
963 144
748 627
878 443
980 443
958 16
114 233
596 374
742 635
281 431
245 200
391 520
507 72
953 333
229 302
381 632
994 365
538 797
848 254
640 511
418 390
209 84
763 550
440 823
867 648
719 398
117 157
197 829
995 763
334 354
244 404
270 105
14 936
809 731
170 333
697 164
69 139
528 990
542 863
417 110
817 207
424 204
836 877
757 510
587 984
819 251
610 557
814 875
620 221
855 495
854 18
470 562
886 552
391 767
271 88
423 863
322 191
968 232
593 706
874 969
941 660
221 394
867 218
336 624
119 884
234 945
499 475
186 685
102 121
878 665
619 929
668 18
659 17
526 424
695 994
916 69
774 728
120 954
654 468
421 779
630 259
961 465
634 94
329 822
918 627
80 945
255 602
75 265
136 594
898 393
777 676
342 44
233 269
746 8
981 892
208 405
856 969
686 227
730 292
395 661
316 86
277 732
72 56
544 88
288 834
137 157
811 909
533 876
270 310
691 251
21 731
830 710
23 75
588 727
443 500
319 817
151 979
503 81
748 296
610 344
903 4
787 244
735 383
81 373
861 946
688 931
434 844
491 302
62 157
81 103
165 969
219 799
262 76
196 948
308 178
309 540
727 267
439 239
894 675
696 402
240 542
916 87
128 329
71 684
993 883
488 312
106 701
260 5
408 11
693 864
727 105
26 393
203 820
325 915
51 114
446 472
734 544
909 493
675 383
871 959
615 991
593 195
974 195
512 652
856 46
145 466
578 325
167 278
766 260
941 412
131 901
490 133
475 298
795 17
264 506
135 690
69 832
42 66
71 489
432 876
219 608
53 216
567 625
566 584
327 33
710 94
565 873
446 779
341 293
186 299
363 693
902 4
459 147
908 450
340 904
707 948
484 512
194 833
93 302
153 99
510 484
573 107
98 654
290 327
218 69
815 976
235 322
704 489
505 574
545 381
287 856
363 493
54 749
745 334
869 367
687 267
9 462
497 108
502 817
154 554
983 44
261 525
803 505
27 743
369 668
44 170
818 775
278 961
201 345
839 731
857 460
800 857
64 855
36 644
137 946
701 731
483 874
164 735
50 213
329 470
740 616
399 612
957 369
757 423
872 784
362 135
283 675
972 371
664 825
963 92
608 20
262 838
533 245
3 116
23 745
419 190
258 450
958 162
704 954
204 416
118 144
920 195
623 295
786 978
806 677
917 386
963 856
188 863
279 73
992 704
375 237
226 286
217 94
407 575
326 608
169 994
469 371
826 286
741 669
310 545
513 107
978 628
278 645
78 722
774 450
62 636
651 741
952 887
244 718
673 770
231 203
655 248
392 885
583 394
489 889
807 561
286 651
740 458
534 694
23 61
539 874
532 401
180 591
332 191
405 939
511 343
56 623
289 524
913 909
181 760
505 675
847 170
938 809
795 292
630 967
52 828
555 906
251 76
878 241
423 617
256 860
420 337
907 419
516 248
339 231
525 854
656 811
423 709
484 3
258 706
768 956
66 922
859 109
124 679
264 20
438 260
175 397
363 228
663 711
308 9
832 531
48 17
805 287
586 371
786 546
258 828
219 719
16 957
99 493
832 60
975 220
631 549
473 437
276 34
180 328
889 452
270 455
443 243
559 516
934 161
117 902
358 845
798 90
245 809
359 376
378 237
215 589
727 171
357 576
856 470
572 373
812 511
82 993
270 817
305 520
146 663
824 902
807 717
105 967
615 768
999 579
677 142
627 591
291 629
549 719
281 668
5 757
665 353
962 0
430 69
687 106
847 142
51 32
790 753
15 144
504 20
581 579
952 740
550 165
441 138
436 433
127 502
623 848
118 316
340 389
681 983
941 588
679 254
473 7
105 371
411 569
78 892
574 313
10 584
197 587
212 714
76 806
714 748
273 814
38 946
411 418
347 734
390 5
341 336
24 547
908 421
474 227
117 25
259 105
938 569
255 474
764 551
184 509
795 719
655 279
271 349
986 548
399 991
881 413
764 471
550 526
314 561
271 587
949 408
496 309
719 89
901 490
434 821
462 601
185 621
358 372
187 893
816 949
798 518
443 818
905 168
383 47
602 282
614 100
315 347
534 44
775 777
583 908
81 205
392 640
551 547
196 647
416 799
444 174
889 838
589 803
24 675
1 634
223 295
260 272
545 809
268 508
48 288
965 744
449 806
865 24
739 852
833 235
633 336
189 415
567 119
585 303
954 368
965 646
452 635
318 380
753 756
351 46
52 274
294 952
183 216
424 490
343 112
23 926
281 519
985 562
407 113
518 630
983 915
48 158
148 855
916 733
138 966
889 215
192 801
44 847
241 567
257 907
111 323
351 197
622 753
9 358
588 910
987 975
762 655
348 877
874 614
921 607
398 324
891 413
564 694
832 200
47 203
400 330
345 144
814 766
666 492
326 566
84 719
96 789
547 326
27 616
816 116
316 119
396 488
723 659
190 485
78 558
437 372
13 24
77 525
811 180
589 616
655 720
158 398
554 673
880 768
902 65
487 781
764 164
782 532
248 813
834 96
642 989
739 47
861 771
517 507
851 852
82 655
369 756
609 954
728 671
840 668
583 158
129 875
392 564
652 694
10 449
819 878
328 987
59 931
806 995
202 768
484 836
80 360
720 16
846 227
656 680
598 167
676 199
856 479
926 112
158 944
707 183
5 248
336 761
271 261
900 217
970 39
602 295
143 32
577 357
294 602
326 270
996 49
116 840
536 552
173 584
634 706
70 0
204 707
57 196
209 715
869 819
839 863
127 588
182 502
942 655
778 241
756 456
234 648
969 417
55 397
998 301
474 383
126 5
770 758
854 504
466 285
792 560
649 629
980 760
599 462
646 487
137 316
738 233
689 474
909 156
885 458
879 657
824 100
656 838
137 133
782 759
667 241
24 580
122 880
768 540
724 172
236 226
869 188
712 988
97 591
808 133
689 848
994 250
876 668
861 870
424 478
563 1
670 758
664 53
760 344
500 91
20 961
963 632
201 8
850 505
494 512
221 988
530 459
325 580
205 481
763 625
601 254
907 387
977 871
482 356
248 979
475 993
247 275
581 577
603 488
432 253
235 721
771 179
714 246
77 205
361 400
255 368
229 869
428 674
285 903
362 150
315 864
601 910
558 936
164 687
331 945
183 804
352 989
985 163
511 906
379 946
951 844
558 638
54 238
856 923
200 312
655 113
398 933
144 302
980 281
433 702
849 500
319 337
535 999
779 942
969 32
512 906
948 251
964 773
884 896
886 727
144 724
214 267
199 468
135 594
6 691
20 210
388 960
293 157
851 729
263 631
461 261
279 506
171 388
727 609
744 130
532 337
454 620
132 111
231 979
268 306
53 687
914 11
492 478
225 705
785 277
562 593
234 808
638 855
420 675
204 460
242 729
822 813
604 876
712 773
74 197
653 59
558 870
136 863
260 56
620 835
554 826
663 572
373 334
903 224
266 970
154 75
942 503
966 188
167 386
590 670
780 670
230 169
692 187
258 646
422 642
837 764
328 835
122 647
459 916
219 780
492 240
611 426
765 124
972 805
82 743
492 362
517 800
828 359
430 195
64 788
854 34
405 859
123 838
846 662
746 118
873 263
656 509
771 800
313 499
714 640
4 988
687 505
394 756
210 545
417 139
836 669
184 16
579 216
941 740
581 354
563 907
67 205
895 973
480 967
928 50
629 841
870 654
335 328
80 246
611 251
891 645
250 0
882 182
5 919
687 138
128 546
438 96
831 745
687 660
842 602
436 430
533 218
194 698
605 126
927 288
799 711
913 7
937 85
470 284
968 574
250 67
113 932
799 222
672 555
159 969
187 481
311 890
257 601
766 871
886 313
681 147
953 870
439 850
16 845
194 323
668 72
218 544
149 1
526 925
429 179
944 296
49 807
779 973
350 213
448 356
178 187
505 703
582 7
43 323
522 756
134 311
897 597
378 897
934 166
115 411
578 900
320 88
948 663
863 434
417 863
102 312
212 777
160 228
273 869
695 268
390 82
436 823
109 197
229 394
702 114
407 696
731 268
669 618
200 323
739 607
880 65
474 217
656 534
302 512
958 360
754 787
55 66
633 462
166 363
311 381
121 586
91 938
557 135
438 873
281 293
73 622
108 568
14 420
93 986
381 153
40 335
856 603
472 865
379 964
719 412
899 33
53 210
807 227
229 896
416 400
589 922
389 557
96 370
230 59
151 725
235 827
707 395
749 243
903 885
409 922
922 37
191 135
881 198
502 984
884 889
65 863
917 687
336 360
572 685
279 690
649 398
503 201
686 959
702 936
218 74
584 509
752 269
271 765
599 685
984 525
495 34
394 529
552 285
306 413
851 661
77 74
193 781
151 445
848 297
98 739
258 587
545 475
874 449
160 189
152 721
122 566
706 20
771 88
74 295
652 264
100 987
721 8
649 689
669 846
100 79
990 82
673 390
755 368
272 575
755 30
4 247
632 559
513 696
397 295
879 144
233 138
856 421
16 229
884 6
78 620
640 737
191 129
692 370
145 267
644 553
371 230
131 305
710 121
535 555
163 453
219 13
271 664
298 97
255 187
483 861
231 941
362 634
915 556
449 787
395 326
142 120
205 778
128 644
270 901
789 871
858 353
674 562
389 818
558 962
43 293
942 406
889 295
79 449
840 486
688 562
280 793
915 945
203 528
131 562
354 876
705 301
381 820
186 875
819 321
502 772
799 491
237 986
566 243
420 329
399 876
113 879
344 835
996 332
997 82
46 883
235 783
115 121
326 423
247 215
628 728
387 370
344 7
299 734
762 847
216 485
461 24
934 821
436 430
259 584
765 306
70 818
845 147
877 657
172 292
868 834
373 616
554 873
348 3
911 347
643 679
517 175
202 729
569 978
28 754
243 561
493 332
840 198
103 192
664 481
41 776
877 71
875 184
422 23
901 827
774 13
830 429
165 441
985 324
783 361
744 624
440 370
186 489
921 628
392 798
725 263
377 811
272 885
731 244
566 357
352 524
43 773
784 470
199 302
524 573
797 548
673 254
993 725
921 801
192 869
637 771
399 633
97 52
714 801
863 954
847 72
746 347
110 492
251 81
62 973
606 963
403 753
139 142
669 510
694 761
985 597
835 718
797 952
270 84
421 373
60 114
634 86
439 248
742 626
573 548
910 747
900 424
913 169
425 902
909 277
366 294
416 37
751 639
37 767
419 870
189 550
448 66
444 64
471 989
920 678
533 153
401 402
31 150
277 254
652 851
385 383
447 838
259 537
816 742
971 987
233 522
112 374
140 421
212 985
992 182
784 60
468 572
735 965
177 720
292 786
258 209
487 18
549 396
850 261
300 41
998 3
411 402
28 687
962 838
858 955
622 187
125 450
880 516
549 975
982 478
44 897
889 977
592 130
831 42
361 812
774 985
604 940
94 774
26 954
31 125
383 69
900 137
392 185
39 509
938 493
423 75
127 549
829 499
695 861
204 188
691 385
992 605
31 286
168 936
628 899
804 822
449 920
73 883
793 258
889 102
693 952
602 900
302 413
980 840
104 86
276 248
905 797
905 350
925 955
788 484
737 230
678 126
621 856
414 503
285 95
731 909
963 596
710 829
613 155
253 134
414 101
799 637
676 584
489 403
887 671
20 513
532 885
345 724
482 210
718 420
945 832
768 634
190 935
284 532
940 421
932 650
792 228
196 598
794 411
787 49
783 277
864 231
528 918
393 856
613 457
112 546
225 675
127 733
202 710
174 255
546 516
391 712
396 265
594 182
920 28
766 994
317 539
95 142
649 561
776 524
941 996
173 889
155 419
91 143
133 980
933 589
858 164
455 860
324 956
307 962
489 629
692 384
81 411
395 79
317 102
624 108
832 330
334 507
126 314
390 557
237 716
45 503
607 253
480 462
503 629
442 740
920 837
40 985
879 28
511 649
545 226
135 745
119 572
654 33
319 426
446 647
674 968
994 762
447 446
537 571
4 813
484 476
797 514
873 652
777 861
554 782
25 47
706 787
692 839
665 203
527 403
670 542
865 167
977 894
594 461
152 237
58 206
300 444
467 174
637 532
571 418
594 179
722 371
367 759
869 939
424 476
246 339
423 339
792 679
476 798
72 836
316 62
966 104
98 857
738 367
549 327
552 33
916 148
813 146
978 56
872 973
978 665
594 67
708 587
373 554
515 7
33 335
701 995
549 939
290 279
665 652
697 489
371 854
56 406
155 450
62 748
135 879
192 699
672 557
652 630
683 6
17 561
875 576
522 302
550 44
491 727
739 754
188 165
123 984
750 432
823 751
153 169
849 512
195 333
943 379
787 500
444 672
543 679
953 456
16 721
922 524
396 567
148 203
857 575
404 868
521 983
224 398
434 702
99 756
678 403
34 63
379 12
390 92
132 693
8 659
441 253
787 87
239 266
351 376
550 657
774 197
774 483
764 839
474 349
12 685
982 439
156 751
572 138
748 77
895 890
473 806
875 202
902 65
136 142
239 161
621 648
282 39
629 354
406 77
142 418
266 779
218 686
596 439
256 6
764 296
21 218
409 341
287 193
587 786
375 152
557 342
73 730
666 491
777 617
961 749
642 820
345 179
916 715
184 471
5 934
661 861
170 434
275 944
257 478
938 132
156 659
583 157
904 225
216 296
363 844
1 585
609 739
379 313
307 134
241 243
639 238
235 172
998 524
587 215
354 596
983 834
222 975
834 543
154 10
638 834
320 853
517 306
292 818
474 196
560 757
678 226
236 20
876 615
717 719
783 65
350 706
707 171
639 770
177 371
657 342
556 375
240 302
962 271
518 776
396 21
962 279
39 58
824 156
723 188
279 198
802 726
880 99
706 885
9 245
292 215
166 469
878 964
311 76
975 280
243 630
878 90
994 347
185 63
623 252
711 359
408 739
827 628
802 943
100 796
475 238
91 184
263 832
539 466
788 267
264 832
944 568
358 811
631 877
629 552
845 918
13 791
555 577
605 300
822 530
500 141
703 862
890 196
911 376
205 154
546 680
0 390
232 149
457 657
236 432
522 201
72 514
941 944
355 208
814 454
813 798
947 96
625 80
77 561
69 971
866 777
22 692
301 766
612 1
110 724
926 270
799 566
603 532
78 586
225 716
536 150
939 944
498 593
524 610
105 150
77 312
234 93
713 553
457 928
325 975
250 725
450 480
952 559
183 929
647 878
45 190
102 791
42 100
472 902
927 860
909 648
31 100
48 105
539 212
248 371
352 174
834 44
489 6
945 534
918 600
340 34
891 59
767 607
597 880
677 499
554 45
4 85
156 989
53 348
223 198
995 91
439 283
500 240
293 845
636 71
669 687
425 980
93 187
432 661
310 439
557 848
485 897
184 906
161 40
145 385
850 412
483 246
548 398
799 657
127 892
779 866
921 100
483 451
605 399
873 948
660 385
355 655
695 120
754 451
152 666
377 594
421 151
880 26
103 582
752 844
20 102
5 596
370 288
505 371
737 79
666 762
731 407
203 370
847 391
87 987
312 820
85 738
742 5
960 322
269 958
37 947
775 201
651 733
664 652
749 35
502 734
590 469
474 702
490 274
221 150
529 615
889 709
19 407
517 872
568 284
696 566
227 829
9 17
667 287
659 247
560 86
918 132
744 812
953 266
496 155
927 803
96 47
560 514
258 563
700 187
496 814
700 591
565 428
332 150
975 281
340 158
775 6
558 415
563 150
371 639
311 753
15 836
219 679
460 360
552 767
106 995
881 148
958 869
250 737
893 605
264 955
99 761
445 582
36 414
940 306
57 894
77 197
325 698
636 152
412 86
19 101
597 75
607 843
248 851
553 628
765 907
448 233
585 496
576 744
80 872
20 746
237 866
627 749
605 733
145 346
723 443
202 479
272 619
646 616
596 106
857 537
886 683
314 837
706 742
251 795
58 995
472 47
199 248
370 715
153 922
915 522
194 194
373 793
512 36
161 435
104 279
112 108
274 893
621 51
68 148
848 917
352 14
902 989
415 396
370 748
139 253
428 342
266 245
448 154
848 584
435 830
96 214
289 340
448 650
333 940
486 509
425 524
463 368
940 634
639 218
72 139
71 325
391 194
122 724
445 146
194 569
259 38
714 803
315 722
227 747
791 116
663 198
758 305
51 676
392 165
9 491
216 129
247 33
56 882
282 178
848 214
958 191
137 791
808 436
335 127
96 512
469 113
192 244
126 515
482 747
653 190
162 633
567 731
732 597
588 931
160 769
32 911
853 649
673 107
865 461
560 926
646 169
978 64
585 970
883 227
533 241
232 360
457 385
496 961
415 397
781 17
888 349
293 377
68 41
892 813
966 0
334 20
130 438
915 208
255 841
191 378
255 660
414 578
430 561
856 12
715 648
450 95
88 343
427 501
388 688
741 989
905 624
231 421
931 523
362 709
14 779
219 166
353 85
315 65
406 668
237 509
539 666
43 216
995 108
288 802
418 617
539 265
468 383
747 178
807 362
477 107
756 668
448 696
419 138
144 669
85 874
906 96
49 76
489 73
634 164
42 414
87 325
726 288
201 783
53 445
2 992
386 316
197 288
97 873
7 361
545 180
508 621
400 784
696 696
427 570
191 515
222 619
429 990
745 919
892 320
992 882
628 374
484 558
156 312
831 583
934 901
869 4
948 770
80 732
220 659
322 409
490 581
41 540
787 281
276 999
291 653
99 473
246 307
169 618
27 508
871 869
121 70
437 347
404 118
964 797
529 981
337 963
632 51
766 214
115 245
391 743
626 15
875 339
991 14
806 973
0 748
788 122
379 57
972 748
3 998
745 563
873 566
912 902
750 598
203 177
540 284
520 80
58 16
777 373
8 436
632 637
90 31
703 72
59 528
647 843
878 471
917 840
451 276
962 3
91 854
398 189
592 423
251 575
280 17
704 662
407 936
50 319
414 457
942 106
15 440
850 999
468 824
512 561
254 841
315 316
597 455
235 966
165 40
842 156
766 195
964 915
39 395
657 397
829 890
801 490
822 507
403 833
625 855
633 198
903 292
752 985
283 468
745 741
641 540
195 604
132 544
310 340
485 165
791 337
614 534
176 725
20 292
434 869
335 526
876 509
645 210
16 314
534 788
813 742
773 808
58 19
735 724
777 487
32 741
168 160
963 843
264 787
6 757
430 385
752 898
128 413
985 90
774 25
685 487
166 382
668 370
558 98
820 394
89 195
28 101
621 540
856 359
592 438
682 965
180 89
432 255
834 157
193 920
239 597
977 729
795 935
1 235
289 366
626 868
900 495
250 669
621 702
232 319
454 476
997 685
217 140
716 278
33 707
755 649
857 408
2 546
308 854
619 425
653 357
682 280
418 880
306 934
986 501
780 166
676 628
552 301
608 667
881 586
552 627
553 871
29 196
371 743
437 623
968 193
788 663
868 195
834 87
837 722
766 411
810 876
182 116
224 68
503 441
916 773
809 629
57 861
907 608
361 400
827 32
578 19
244 644
271 673
871 239
654 449
311 65
240 372
781 268
120 79
380 878
76 903
703 616
305 329
912 820
78 919
865 393
306 406
231 467
232 683
350 390
408 179
479 772
420 437
707 985
418 211
374 830
489 188
626 20
20 132
546 663
14 766
663 833
919 823
962 294
97 90
42 976
394 158
747 165
332 441
159 932
624 141
1 756
799 672
432 891
721 547
891 193
133 580
426 879
227 257
149 887
753 305
553 861
299 52
660 917
855 619
419 293
707 578
339 928
574 864
807 399
380 756
664 729
974 382
88 451
789 993
794 321
36 299
146 285
924 177
624 880
725 129
952 159
384 261
900 94
99 688
338 836
221 8
999 93
5 29
584 447
885 722
45 341
505 562
497 104
213 714
803 789
882 696
412 495
328 829
384 23
548 276
602 488
94 266
890 137
602 475
528 121
672 786
899 83
992 469
99 685
203 915
141 625
864 253
66 29
181 284
311 235
162 585
991 389
592 288
84 82
676 99
782 952
468 233
348 970
181 279
492 29
885 325
33 880
134 430
848 817
166 334
94 750
429 142
269 730
245 3
391 166
713 190
748 622
75 259
551 767
60 648
482 466
909 724
285 341
755 122
726 955
354 288
419 248
490 522
800 621
61 936
657 356
99 440
35 114
146 512
233 470
895 762
428 205
139 858
506 296
410 884
796 191
723 402
3 774
219 420
718 403
474 26
67 988
458 898
343 650
875 49
430 108
50 606
948 507
186 142
992 804
984 265
50 815
974 84
881 684
860 991
878 494
660 653
313 668
446 22
392 308
734 515
560 953
991 289
331 948
91 867
703 448
716 403
905 622
306 353
554 157
543 504
392 558
240 361
957 440
653 590
689 398
853 84
463 426
418 136
199 438
642 101
305 808
339 143
503 403
888 731
323 257
748 349
76 433
369 769
679 542
504 27
859 807
10 155
687 50
369 3
856 148
222 537
331 78
881 712
431 978
540 976
428 257
670 507
137 97
583 258
799 628
820 197
93 275
300 164
409 850
283 825
143 508
89 10
967 441
484 761
408 530
382 442
181 422
973 271
96 829
776 455
247 461
632 204
665 905
83 227
818 201
514 722
541 954
675 569
764 555
875 36
78 393
99 281
276 391
496 167
75 702
318 858
430 745
314 306
513 383
11 285
869 211
909 221
350 73
7 425
340 381
961 741
239 154
326 217
599 140
930 274
235 431
844 830
0 224
58 731
141 997
929 621
361 46
427 112
619 465
109 20
450 570
482 907
896 703
971 899
149 209
114 827
260 121
677 219
306 31
141 912
517 96
471 231
502 638
872 499
269 431
376 559
913 252
870 888
637 190
77 735
342 507
247 382
699 466
730 942
566 599
726 153
259 149
366 709
365 216
172 231
409 44
825 164
787 276
810 116
480 267
985 950
837 795
49 256
820 717
399 92
151 550
21 84
417 252
878 789
598 579
749 889
233 37
701 961
730 459
535 572
979 103
257 720
979 801
884 18
349 402
763 171
677 785
809 379
545 571
902 68
774 682
408 5
966 262
126 777
546 445
953 110
979 291
782 190
101 342
1 883
815 350
416 936
200 552
74 82
5 846
348 598
233 999
910 340
70 785
818 181
598 557
321 536
911 140
819 345
448 485
864 527
736 520
580 386
510 111
822 277
760 929
547 867
889 501
716 137
678 916
193 360
595 18
163 618
490 264
49 775
897 147
687 753
202 499
159 26
586 788
618 934
441 519
241 990
111 772
758 332
992 650
802 81
219 196
240 860
782 228
866 440
298 46
515 815
756 328
2 284
671 578
864 537
973 639
653 56
864 943
52 77
207 92
425 796
283 65
90 20
972 889
787 911
4 117
861 229
841 761
828 88
332 610
34 228
468 459
422 747
858 607
439 967
811 762
37 120
813 197
985 66
977 988
490 867
339 546
35 918
837 885
271 892
119 164
822 180
614 155
545 534
431 473
453 462
348 147
948 195
704 827
922 912
28 802
813 821
982 549
433 727
34 492
591 154
116 686
914 539
559 553
120 782
176 796
873 81
614 883
923 338
636 201
410 96
318 536
417 603
115 596
316 125
290 848
204 877
408 901
962 418
548 820
100 810
38 704
934 982
392 148
200 444
271 252
277 775
250 179
301 77
60 147
502 834
317 125
963 763
495 748
718 537
594 237
755 744
525 887
247 43
308 106
151 157
131 691
363 253
720 901
527 244
448 369
72 349
606 747
732 669
762 274
81 729
937 949
869 232
396 732
666 791
852 511
783 207
602 523
579 821
257 624
90 717
526 121
582 165
339 20
48 84
363 529
807 626
995 593
461 266
306 389
611 217
491 421
421 272
455 971
697 977
0 976
280 298
621 619
123 213
554 797
685 349
122 265
988 6
540 445
108 294
353 279
966 684
793 669
835 317
874 739
161 604
465 24
194 927
936 530
469 78
38 588
853 103
460 450
805 857
823 565
180 736
902 962
786 764
914 827
474 316
884 541
283 554
982 526
770 481
665 323
639 453
793 74
126 2
145 990
120 752
921 228
594 670
224 330
601 152
85 30
30 476
671 183
404 466
777 498
712 65
254 959
36 266
717 821
934 256
689 584
944 453
692 919
31 619
381 151
836 43
92 521
749 628
551 580
323 609
703 535
835 704
628 117
179 210
675 681
791 386
864 65
801 621
37 570
137 389
220 699
590 731
674 43
929 844
944 640
414 853
14 535
526 526
318 652
532 486
959 23
42 157
276 838
549 775
5 881
325 4
362 849
604 481
577 465
687 195
503 379
167 859
191 989
535 885
520 942
632 167
690 886
361 468
79 880
955 562
111 73
460 369
758 945
458 511
209 560
122 29
587 49
36 404
92 849
611 407
683 979
843 908
28 318
316 280
493 76
278 892
907 823
488 470
797 251
967 839
317 79
306 668
377 387
794 823
244 835
635 706
191 917
504 444
858 268
650 254
530 706
188 356
284 948
496 985
529 384
519 76
628 894
444 41
44 627
18 107
440 783
127 800
681 948
487 510
10 615
537 145
932 243
684 540
116 33
723 374
533 557
355 630
522 666
938 432
211 866
246 632
680 628
757 553
538 922
720 792
738 850
801 486
323 19
848 263
721 449
408 289
478 389
263 654
900 822
607 286
507 428
135 729
646 496
877 531
594 903
985 63
348 478
73 406
198 38
773 989
34 132
481 475
927 534
381 28
771 957
609 728
94 403
73 276
9 634
831 321
699 61
949 90
121 856
597 208
377 837
271 492
32 593
516 245
820 176
547 118
52 51
523 86
95 601
564 920
437 395
957 831
502 689
839 729
431 888
9 169
149 592
397 663
84 512
70 895
443 537
921 461
992 522
57 613
528 37
82 672
458 889
480 279
272 370
395 341
801 266
729 230
401 49
602 336
550 400
529 361
778 335
184 104
770 801
207 523
852 240
533 47
575 297
462 37
620 736
19 747
460 736
60 544
364 404
279 815
270 943
971 571
885 351
161 810
930 393
943 466
325 99
530 984
341 685
900 502
176 410
585 499
788 694
709 937
95 168
781 228
665 944
661 727
319 569
300 259
470 436
598 110
909 772
610 663
219 993
295 41
933 393
501 257
197 40
718 610
698 397
426 820
893 58
778 29
890 411
192 406
394 754
466 125
541 850
514 191
373 893
129 884
211 418
219 5
247 836
572 164
391 102
66 912
246 380
606 411
353 371
462 320
479 889
879 512
498 30
728 314
220 663
545 567
125 529
570 386
457 142
192 162
96 258
89 998
560 385
139 686
216 273
416 425
559 968
248 215
849 591
16 549
964 620
928 264
787 188
589 290
915 335
62 987
483 485
675 602
358 342
844 291
524 508
459 558
835 818
689 320
741 556
408 116
894 166
673 411
302 53
216 180
301 134
732 883
655 299
220 291
676 310
314 306
784 78
296 994
831 124
470 130
8 682
349 413
81 531
901 757
952 807
184 514
569 195
777 197
207 349
204 681
686 432
795 82
635 934
766 881
480 553
663 649
663 86
606 907
220 800
723 763
927 364
504 509
713 395
394 872
519 507
100 741
16 135
17 993
621 198
895 123
625 228
637 724
616 617
352 241
347 921
811 278
583 928
565 1
448 699
413 878
400 164
969 486
983 483
351 308
47 493
654 517
879 11
224 736
745 346
983 627
547 708
705 751
52 236
390 326
590 564
715 112
543 739
731 462
522 112
199 588
188 638
296 721
407 586
204 447
580 671
435 529
800 11
421 887
520 595
6 74
668 227
7 793
636 992
855 787
681 419
317 766
284 81
583 555
235 850
34 503
646 255
574 931
12 3
911 266
240 520
38 27
55 728
138 283
921 75
896 11
948 602
929 954
648 400
731 847
67 649
147 764
454 800
482 962
82 385
735 672
833 664
773 700
294 768
28 596
785 34
549 328
648 386
117 572
364 521
816 378
176 208
523 79
932 759
647 548
49 832
125 959
374 450
729 514
13 433
984 817
410 507
30 892
816 304
694 921
476 610
360 942
662 262
804 365
203 975
357 726
592 991
366 105
91 937
860 632
928 740
10 33
554 768
251 3
626 219
748 614
468 615
442 467
229 284
649 749
560 819
116 966
342 697
327 382
557 656
103 975
325 953
688 775
887 412
920 310
175 308
364 873
529 532
927 586
738 312
121 682
910 674
899 95
434 374
332 353
709 190
882 447
114 491
566 258
762 188
944 898
26 806
979 476
330 66
365 924
595 964
893 181
672 336
883 164
548 598
195 192
602 848
45 362
775 354
348 864
244 535
408 187
399 952
445 946
23 609
831 924
91 758
424 579
572 264
30 359
639 584
498 297
74 649
430 497
896 829
733 482
943 756
842 180
633 572
992 116
876 545
704 335
19 823
956 632
969 383
281 609
622 101
599 907
722 55
978 19
221 561
879 19
623 295
178 240
547 601
53 825
68 628
288 156
177 970
376 506
715 694
675 456
845 633
292 614
607 62
311 697
394 382
15 655
537 563
121 858
965 667
581 227
482 139
896 65
97 579
844 103
915 438
390 285
762 214
165 420
804 402
317 887
572 686
497 375
775 581
981 75
701 398
919 354
274 475
964 993
419 736
80 34
943 98
274 352
235 725
888 624
946 178
665 107
86 641
488 634
702 652
882 681
739 61
870 505
808 812
67 269
875 834
370 508
899 945
707 829
303 807
517 909
955 940
687 465
287 378
452 662
802 367
432 365
616 73
202 299
264 33
595 989
365 932
514 284
799 716
411 184
199 206
472 511
665 599
681 83
909 75
607 593
749 617
853 873
914 229
731 208
169 353
709 392
750 452
271 862
302 379
428 349
601 456
427 611
426 609
115 615
194 711
866 257
371 330
773 828
907 0
600 581
632 705
534 893
217 198
987 908
389 142
341 350
861 962
110 482
221 415
656 885
315 281
635 870
679 732
758 414
101 584
329 306
817 235
840 677
710 363
927 863
769 815
793 789
96 384
964 328
937 987
977 476
472 615
56 471
271 840
0 455
487 678
41 776
479 341
73 195
694 867
661 455
825 836
881 980
348 702
809 588
517 760
200 57
53 538
124 952
490 81
155 547
921 756
666 680
835 375
247 679
914 935
793 435
949 179
646 743
586 958
451 912
69 348
697 166
116 885
929 361
161 433
256 884
55 871
164 887
973 910
376 521
184 465
620 960
343 972
637 195
406 451
979 754
191 755
35 870
155 830
728 567
674 18
40 890
681 299
475 943
570 465
262 713
171 537
491 534
33 446
703 19
35 698
216 88
316 859
921 16
101 353
710 657
564 278
275 824
531 284
371 306
964 929
16 809
271 844
44 317
786 585
839 267
217 417
375 889
549 854
19 46
519 164
694 924
418 689
820 842
234 97
773 72
701 60
26 457
777 557
331 970
690 715
645 692
255 569
808 955
451 828
435 352
23 245
649 165
922 304
874 172
615 111
265 44
863 202
3 503
879 495
710 186
441 553
290 248
935 620
784 592
854 683
957 192
718 234
0 591
982 356
240 838
519 537
553 466
677 466
976 265
34 951
176 812
306 993
94 2
622 835
554 706
989 362
362 977
573 610
856 295
147 97
315 187
793 847
946 724
399 311
312 654
589 759
54 711
641 808
376 122
932 385
874 149
12 323
41 161
254 2
21 855
530 91
393 994
214 498
895 757
287 450
40 323
340 587
257 33
70 585
451 366
980 718
527 558
861 208
30 666
169 629
42 502
906 679
453 522
153 492
103 638
49 15
488 786
963 505
76 38
573 868
981 655
532 164
365 822
545 555
902 354
870 71
41 301
205 475
914 369
782 992
941 374
584 984
523 864
328 974
771 453
177 545
752 399
463 82
812 913
132 705
675 433
791 961
848 130
488 751
906 255
300 576
475 222
963 945
460 381
373 394
802 756
918 990
251 176
545 50
764 962
800 383
112 49
564 745
128 653
604 573
224 852
901 184
466 104
812 25
740 939
641 842
59 1
985 927
967 30
123 302
884 755
846 551
523 0
786 50
364 97
156 457
136 447
611 558
662 578
813 78
539 68
833 217
708 845
32 591
150 180
571 13
415 654
55 234
64 378
948 60
706 88
417 875
526 526
505 100
517 463
318 197
545 114
3 705
970 301
689 254
902 906
347 560
686 637
449 472
825 112
786 524
970 877
635 49
323 813
210 701
441 281
370 932
583 316
872 800
78 702
987 608
690 185
738 720
345 790
749 762
103 513
822 77
672 975
833 790
935 38
928 169
10 57
444 94
401 744
64 403
58 809
557 727
839 349
312 762
252 879
74 791
594 972
432 332
799 146
734 758
49 116
327 444
709 859
774 456
444 728
758 895
113 451
499 137
13 55
679 108
671 848
141 938
643 669
159 553
154 899
781 474
768 166
628 691
385 992
240 481
927 11
786 591
211 128
650 279
265 15
809 187
775 150
915 771
197 346
552 746
318 164
921 394
705 359
475 892
428 337
474 83
682 143
87 560
951 974
784 582
79 124
21 895
197 991
301 60
250 937
58 471
491 324
654 336
746 667
692 792
574 549
88 471
84 615
193 47
543 190
70 284
279 214
455 273
42 134
822 456
942 26
29 679
798 423
381 358
148 145
437 224
854 781
219 367
322 330
954 716
382 990
152 86
856 486
988 160
471 259
209 579
589 146
983 56
415 188
153 786
288 324
6 559
733 244
931 837
10 312
903 392
736 420
280 479
46 959
547 163
929 559
977 362
295 859
840 946
890 459
867 169
760 764
860 875
849 933
127 311
437 913
158 462
591 176
535 63
471 250
707 671
198 271
263 297
43 31
193 638
107 811
826 881
719 325
456 760
157 890
656 671
42 871
888 771
547 742
729 26
759 777
863 856
635 543
856 95
149 247
965 984
505 290
168 372
186 594
339 661
706 68
619 338
618 287
342 802
595 884
422 238
488 430
602 142
223 438
385 314
669 309
472 85
575 23
717 284
290 990
318 374
807 431
471 119
315 26
603 671
776 214
188 939
603 323
38 422
936 146
835 824
274 820
452 424
110 259
847 704
941 677
533 994
364 0
242 192
62 313
523 8
759 450
344 774
881 500
147 594
271 324
725 399
247 531
741 423
511 518
794 160
859 170
324 952
729 101
756 697
490 799
331 726
238 906
696 184
743 126
612 72
47 514
959 158
265 717
922 575
772 549
775 314
355 685
381 844
725 247
867 541
696 155
53 171
470 866
137 570
504 782
100 85
607 573
808 834
66 154
107 220
6 632
51 199
419 298
860 556
317 743
650 543
168 144
951 517
478 172
611 280
350 993
373 819
312 941
538 702
991 236
835 322
259 195
713 793
117 747
881 279
362 441
657 212
197 378
234 746
507 237
156 986
763 550
872 512
551 130
381 429
731 715
744 678
910 22
481 528
569 307
166 381
414 635
622 354
902 876
239 321
772 56
142 284
333 274
512 830
417 821
744 506
736 590
564 730
544 466
631 253
174 177
509 309
197 142
815 475
516 569
952 154
399 207
188 759
701 73
290 93
332 616
10 462
224 406
247 636
376 505
363 374
532 620
947 690
641 622
782 527
278 864
918 423
173 19
513 919
755 679
369 755
789 907
994 798
350 200
873 861
688 36
191 272
591 328
683 899
182 270
392 341
853 259
661 844
833 536
84 984
68 263
735 908
849 331
487 9
465 884
266 391
615 844
14 708
363 483
706 624
904 428
642 567
211 659
121 670
997 138
408 144
890 915
745 772
838 148
456 58
895 494
355 823
740 230
600 283
846 501
19 376
282 511
105 285
526 586
973 734
121 21
619 173
40 575
45 467
883 760
3 129
423 731
639 951
834 547
892 271
184 844
935 46
365 863
41 466
759 767
973 620
81 756
464 913
632 5
289 590
382 770
211 430
101 457
813 922
368 289
964 360
623 397
779 129
33 575
621 148
50 404
830 347
768 912
575 65
587 981
40 876
657 71
738 546
307 953
183 855
65 322
850 52
867 94
173 124
747 78
678 943
26 548
11 970
631 474
22 386
315 396
798 209
80 791
70 505
973 439
589 261
151 923
545 18
603 571
300 566
472 957
376 462
762 912
363 949
124 738
117 414
163 138
283 36
437 937
983 383
977 951
571 588
532 729
4 947
982 673
195 681
577 130
674 142
797 532
55 898
989 270
306 518
374 844
268 137
241 77
416 704
957 14
598 489
753 225
377 417
51 117
548 602
21 172
937 17
173 398
819 278
405 699
201 334
966 820
202 350
256 573
1 983
438 339
47 460
667 928
864 981
178 692
703 550
204 583
878 23
328 322
210 948
756 762
545 499
495 60
33 144
110 727
47 972
75 31
146 789
812 507
664 932
974 797
863 561
996 914
93 803
337 337
35 308
419 837
587 296
253 4
287 566
450 93
597 363
279 96
634 66
677 458
617 789
571 127
417 197
715 421
506 352
176 265
874 462
889 312
791 124
50 892
255 524
382 696
767 865
549 708
207 348
911 675
52 509
374 28
819 434
530 289
349 664
21 936
266 521
276 674
217 682
645 78
374 29
39 153
651 592
779 587
943 466
951 535
983 512
540 420
451 141
424 186
447 804
18 905
248 204
404 642
858 322
727 119
628 80
477 662
589 181
84 477
884 322
172 108
325 54
283 52
53 235
892 647
679 885
408 793
434 70
818 756
957 972
248 553
476 686
860 241
930 574
920 804
93 183
414 310
824 331
972 780
457 934
340 492
607 210
935 55
826 771
763 55
190 671
426 756
500 362
643 484
615 68
346 431
229 477
847 569
130 739
13 934
221 898
790 781
971 94
476 4
954 92
333 227
367 473
4 465
486 331
90 94
40 517
120 479
166 807
445 921
883 605
358 19
414 424
771 643
609 404
861 320
407 262
594 923
746 702
877 541
376 81
578 552
160 478
373 926
224 855
74 225
1 245
104 8
532 882
226 97
864 745
128 701
204 389
942 442
582 707
224 668
609 750
653 156
848 91
586 291
782 421
746 137
870 280
436 476
562 793
891 217
657 823
578 366
531 342
154 576
851 894
943 999
901 385
900 206
381 631
93 261
38 44
730 505
969 866
628 767
456 849
938 405
910 244
66 650
982 474
436 134
887 779
135 38
214 657
341 911
541 709
120 764
210 66
207 808
369 823
451 696
502 251
698 605
826 135
693 255
963 535
215 330
705 136
242 96
4 738
653 758
778 345
255 701
715 221
76 190
889 298
591 174
218 778
677 196
149 597
988 101
834 33
326 442
959 199
216 273
192 764
618 297
299 854
8 475
129 75
882 561
184 312
950 538
552 752
174 39
397 201
609 482
822 121
34 521
160 310
678 230
881 693
454 348
838 231
332 203
555 896
828 992
839 203
326 734
840 45
40 978
733 991
895 525
322 641
382 184
866 725
432 32
188 211
594 799
325 201
568 850
580 462
385 511
290 514
57 776
287 55
375 421
542 535
705 611
744 680
717 462
546 362
140 28
765 971
862 848
861 464
602 153
713 802
121 365
845 49
922 900
183 236
370 199
889 544
365 199
663 952
606 640
289 984
346 451
916 5
747 115
983 663
866 871
233 16
103 152
349 6
57 128
544 759
754 592
192 880
421 447
766 451
272 303
431 229
679 92
27 358
424 402
129 263
58 438
973 329
662 365
349 705
766 183
858 148
925 531
79 130
455 952
350 854
334 103
665 130
694 663
441 641
449 546
4 69
647 908
849 874
808 601
569 542
371 0
439 629
713 27
978 890
442 609
580 207
817 582
985 10
410 278
923 500
442 780
311 419
578 788
697 57
509 3
916 885
235 981
190 899
871 898
45 533
134 397
93 74
868 788
865 600
926 769
817 220
889 583
917 892
931 116
733 474
415 158
784 365
860 320
204 393
932 248
907 543
997 264
726 803
218 341
744 621
352 459
350 779
485 687
452 862
741 538
76 943
623 238
108 471
565 635
143 736
709 950
192 103
389 992
160 335
115 132
482 695
703 235
279 12
414 433
297 386
114 563
519 822
306 565
919 603
521 994
400 713
348 809
18 746
574 979
949 485
797 152
862 38
703 534
742 913
471 658
240 577
931 215
752 252
731 421
28 882
690 295
37 785
163 357
969 97
137 601
16 974
133 729
767 100
554 532
465 133
785 164
201 140
649 689
352 858
487 805
513 290
598 919
798 485
285 426
300 674
77 964
809 891
364 460
644 650
519 46
664 114
528 267
958 279
426 584
181 946
919 491
793 394
900 704
326 222
397 69
770 506
118 858
85 962
984 652
282 810
454 25
111 101
548 882
329 333
382 961
762 603
436 348
66 661
288 272
398 590
76 667
49 617
33 442
872 419
561 79
269 314
197 612
132 787
94 743
881 22
465 985
169 614
445 552
455 228
323 34
623 623
869 844
932 423
323 154
645 917
968 993
644 666
565 311
246 507
292 47
769 564
615 103
433 948
824 211
357 872
52 837
977 617
995 692
194 495
931 744
13 592
514 244
837 621
120 652
264 953
954 776
230 12
957 285
987 850
596 63
263 47
21 204
429 995
783 523
279 804
476 389
930 461
86 15
802 943
883 427
711 882
840 866
896 923
619 375
359 779
352 310
565 909
535 825
123 181
853 287
383 286
603 29
678 838
0 782
734 229
491 854
963 453
14 267
129 525
99 199
54 68
682 492
691 242
265 921
552 662
702 231
344 284
24 963
161 934
459 964
116 167
211 697
271 435
831 751
561 238
808 113
646 743
260 629
170 446
348 261
28 875
252 933
699 924
903 130
438 548
621 308
813 5
239 484
765 331
247 355
794 516
257 758
683 605
17 639
90 890
386 657
599 713
184 830
527 426
733 190
427 837
830 703
203 682
830 587
671 919
325 288
766 221
454 513
630 780
883 408
62 257
118 455
90 989
650 22
360 727
898 70
508 438
85 593
926 730
788 824
265 255
111 741
542 505
95 359
877 398
291 807
494 251
678 696
318 642
596 699
727 748
253 899
62 745
249 270
394 812
475 372
461 247
832 288
8 659
17 377
722 305
808 837
438 873
466 372
47 246
514 557
877 899
207 182
325 260
860 955
266 855
167 877
526 717
596 24
511 490
856 524
374 460
492 473
617 85
634 437
827 768
565 812
116 307
345 556
240 94
86 442
28 318
148 674
397 218
120 798
213 396
253 803
684 354
836 855
387 554
722 784
283 734
159 599
966 458
714 637
569 898
912 860
550 885
405 562
635 298
880 0
321 306
439 722
404 449
994 947
84 877
256 921
374 860
781 616
508 772
353 519
500 361
78 544
351 986
626 108
235 179
487 15
305 176
870 179
651 862
240 504
61 897
370 651
215 463
33 210
907 610
903 587
795 99
372 611
250 60
237 176
579 505
506 277
888 868
447 750
576 113
338 308
4 999
791 390
321 466
278 127
340 229
844 316
580 523
629 301
438 610
173 240
98 511
499 81
601 842
43 222
685 497
933 436
955 378
804 169
301 47
355 216
92 560
597 20
798 631
48 3
650 413
949 492
103 593
658 243
735 808
24 782
821 739
230 202
485 3
631 860
171 755
422 614
86 614
251 937
860 778
760 763
173 250
660 92
480 136
913 851
885 78
902 626
703 869
526 708
24 756
201 966
561 879
945 877
216 20
947 593
758 164
126 516
419 167
496 783
10 292
862 352
704 744
967 93
474 381
919 824
835 834
279 811
64 616
804 994
281 63
737 478
268 960
913 130
162 344
476 351
301 997
971 247
641 566
705 607
138 271
230 154
448 252
950 305
886 357
520 64
213 425
591 629
675 900
842 305
246 297
587 32
364 201
502 590
967 607
607 685
441 731
276 100
168 57
793 265
224 268
642 173
430 708
465 728
75 503
751 697
34 90
473 143
480 363
850 261
957 608
403 133
995 651
11 115
400 935
424 934
624 661
277 5
224 679
799 981
344 22
433 250
634 540
686 825
527 129
957 43
675 429
650 400
981 522
47 191
984 244
895 392
771 50
765 666
237 774
955 694
851 955
65 808
704 670
290 891
569 128
630 744
333 972
896 236
307 555
649 415
303 910
909 395
218 952
959 438
748 106
713 320
894 364
863 281
988 218
116 173
903 796
730 63
164 547
429 932
578 629
914 545
704 859
498 879
941 89
994 183
575 902
768 759
585 761
716 393
277 750
569 588
150 780
482 396
917 240
505 409
122 830
778 517
955 620
163 1
44 172
611 946
566 389
459 897
639 648
316 397
323 115
149 315
842 719
779 549
697 596
135 269
474 859
393 417
391 92
709 138
120 518
885 180
153 766
317 293
313 584
441 377
862 880
725 272
198 38
864 905
964 897
96 557
533 69
631 497
685 947
261 730
833 474
846 497
509 179
330 645
991 334
713 67
545 533
752 365
110 269
133 294
32 346
867 660
521 925
600 768
431 267
513 55
674 202
279 127
466 451
706 632
117 769
55 69
827 401
335 960
124 830
802 236
409 50
486 821
25 787
718 562
904 161
419 414
915 251
563 166
72 774
739 794
564 938
285 177
85 449
739 332
768 875
8 261
324 423
786 265
438 928
661 395
126 211
89 307
777 592
148 898
919 278
495 258
212 324
909 62
21 704
439 688
412 461
131 387
19 623
539 891
243 560
891 864
396 257
4 765
242 930
164 478
801 979
270 454
285 663
931 266
446 435
90 427
227 560
839 60
638 300
905 986
200 209
517 460
892 787
115 250
447 346
276 608
464 316
472 478
805 988
956 385
722 554
690 102
288 488
691 41
743 477
647 615
797 719
825 444
691 263
845 724
416 252
595 718
346 40
182 856
118 253
826 713
339 936
84 752
768 756
14 684
759 353
247 791
955 386
139 171
539 590
937 510
409 238
638 551
716 753
493 135
907 2
144 101
608 48
457 220
399 28
244 919
64 215
236 768
787 966
743 998
538 751
454 406
738 871
382 137
756 871
514 376
430 835
683 25
377 743
792 985
663 269
708 836
165 125
511 792
940 795
102 569
105 503
515 476
586 394
447 435
519 3
375 32
736 779
597 178
939 859
463 218
325 597
201 983
653 586
410 173
176 964
633 163
564 545
955 590
51 32
997 241
865 104
47 847
130 568
492 438
805 730
517 587
865 466
265 267
518 477
367 457
527 683
676 197
240 923
979 605
32 51
638 254
339 184
112 684
875 481
575 943
244 672
14 323
948 453
612 515
869 817
548 705
792 214
43 417
55 11
507 942
127 471
171 794
710 835
763 77
756 31
955 404
564 626
158 238
633 664
216 541
778 923
283 721
579 481
391 753
144 709
327 415
377 477
38 610
716 695
960 82
451 96
776 912
693 559
302 919
117 857
694 976
269 173
504 568
423 908
437 629
140 585
761 494
143 784
270 180
929 290
131 62
862 826
928 820
153 636
742 460
888 769
72 87
103 364
991 710
31 822
224 994
375 966
435 842
539 635
21 141
810 115
577 486
504 80
163 431
255 250
420 904
99 744
627 490
843 397
525 33
103 566
569 727
194 735
154 936
223 342
625 868
383 897
639 526
285 726
671 668
784 98
642 107
567 911
306 121
930 720
86 646
337 45
275 984
374 111
470 25
3 169
56 629
702 340
985 174
610 524
167 206
200 688
406 405
683 491
849 913
979 395
856 735
48 589
218 254
103 494
101 25
909 918
613 854
522 680
818 201
950 456
288 657
859 171
848 911
481 657
530 802
268 975
774 528
104 778
914 279
788 685
193 748
377 175
591 150
104 426
36 778
605 902
800 396
535 275
30 493
427 48
817 10
255 420
477 593
288 379
753 260
283 573
255 218
581 67
70 807
519 967
780 878
318 128
568 272
942 601
490 101
448 824
409 847
534 333
546 272
341 389
608 219
9 482
217 792
392 830
271 944
314 7
404 953
423 957
738 346
725 823
235 142
537 647
630 242
767 505
352 203
828 888
682 870
645 293
322 464
290 448
912 840
50 767
67 511
871 818
326 114
687 898
490 520
465 953
297 301
200 378
676 953
262 624
259 364
140 767
432 76
404 548
445 791
537 340
123 122
892 769
160 554
641 97
325 42
177 920
389 365
510 877
621 259
987 338
776 11
375 332
420 297
670 809
100 185
209 624
385 919
208 18
550 863
224 122
50 771
180 546
843 170
882 648
905 6
988 195
231 931
24 714
875 819
86 139
41 939
812 465
517 404
301 266
887 964
573 490
746 986
839 31
644 821
262 481
657 600
150 637
265 545
264 124
869 554
412 460
9 184
975 811
378 876
178 302
479 868
620 380
0 974
114 740
902 969
523 369
291 773
592 334
416 37
532 897
601 55
172 286
398 727
763 545
81 186
451 375
883 881
623 154
579 717
178 833
511 987
14 259
117 593
478 316
507 886
993 302
577 527
938 807
497 202
372 385
695 834
154 619
314 365
822 281
95 214
659 405
834 47
441 894
596 125
50 650
7 687
324 147
571 726
14 991
526 499
744 924
972 604
739 607
179 9
500 146
631 639
681 489
221 851
501 977
110 290
507 139
798 322
470 976
415 747
888 751
363 788
888 999
366 410
398 187
134 872
586 670
560 614
220 909
47 985
420 774
440 922
546 866
400 565
244 854
116 99
324 437
29 531
31 442
617 124
442 734
907 743
328 344
464 952
8 945
108 565
400 354
149 423
213 507
470 138
133 631
453 633
424 203
399 109
745 974
666 676
50 30
31 437
918 251
278 844
110 67
874 937
520 219
646 462
441 257
308 967
471 208
558 454
994 617
280 582
460 911
560 459
892 737
678 758
661 25
696 656
800 116
383 473
702 409
772 314
965 450
985 920
974 482
257 662
733 469
575 761
399 348
666 765
587 467
379 991
142 716
411 23
594 810
129 282
350 10
96 516
832 12
595 655
241 403
62 907
852 453
241 133
351 195
80 270
621 886
348 38
888 364
769 805
740 866
245 345
469 829
776 964
621 721
602 379
692 530
409 737
17 371
621 504
210 396
314 810
451 989
919 217
630 593
820 701
972 271
632 778
247 4
913 324
149 416
912 27
263 377
116 298
209 399
130 991
289 346
757 467
477 186
813 445
823 661
575 247
840 143
394 917
836 820
884 358
388 440
14 38
412 346
681 16
261 753
122 829
541 964
420 195
371 114
347 985
229 637
315 657
633 494
591 510
919 945
672 548
719 923
261 749
368 561
643 480
986 64
263 635
168 106
477 522
121 517
651 584
830 711
514 911
477 46
193 206
746 455
790 427
175 817
740 817
440 931
990 313
147 394
584 13
437 518
834 333
547 841
30 943
153 368
917 500
118 184
371 939
886 979
148 228
346 800
700 831
966 718
902 77
834 687
287 717
234 71
356 749
73 936
634 74
48 472
889 58
323 629
659 757
152 69
437 325
519 394
204 768
908 253
147 343
743 224
559 293
680 809
35 187
497 324
698 889
126 139
51 259
361 438
32 25
195 797
998 273
821 825
863 659
321 448
916 386
290 922
387 232
979 153
363 633
191 817
405 958
383 800
601 850
261 124
307 353
927 292
789 190
111 966
470 614
107 555
206 97
739 946
419 983
454 168
304 814
60 202
748 678
159 779
191 86
49 390
811 323
142 240
230 281
271 405
594 886
125 884
77 397
410 386
79 22
200 440
806 408
27 180
197 731
7 907
582 779
389 317
862 518
20 252
270 854
402 847
340 816
529 422
469 265
449 40
354 998
284 186
610 207
504 41
511 832
322 724
988 413
33 726
652 397
842 59
130 12
2 529
729 251
900 802
660 94
295 93
177 333
888 768
109 429
587 5
53 381
481 840
238 435
124 609
533 422
752 346
591 450
278 106
987 649
612 9
248 786
915 870
785 645
710 397
40 373
58 648
635 352
840 454
887 478
453 48
920 452
702 621
204 941
705 750
465 880
349 154
253 916
75 740
750 712
722 845
556 294
137 300
628 673
923 9
88 621
558 106
904 35
554 12
832 782
70 694
405 465
355 258
778 23
349 793
714 265
647 141
46 329
752 271
584 664
880 230
824 531
625 447
440 840
902 732
223 53
469 448
91 43
777 333
554 495
875 700
273 542
753 781
687 154
755 866
657 25
376 23
672 776
472 961
497 964
607 71
630 219
356 465
379 624
990 20
111 931
376 812
942 260
831 885
303 205
789 535
547 399
282 904
115 679
917 473
375 372
286 548
569 9
645 835
563 971
488 477
898 262
361 569
719 875
373 15
654 63
520 630
428 223
789 843
212 395
558 942
241 334
224 581
537 479
613 696
239 411
754 124
447 915
77 882
415 232
615 577
310 795
98 331
496 435
209 141
391 72
937 432
251 201
695 591
108 871
905 952
444 112
81 605
519 645
54 794
349 352
883 918
571 476
356 819
525 661
866 867
282 754
322 528
202 699
655 806
756 342
586 657
105 440
940 416
737 884
749 505
402 858
537 654
974 768
188 384
61 590
229 922
14 745
931 443
861 561
534 448
404 870
108 819
314 141
88 430
364 363
621 86
898 213
62 578
806 640
542 633
331 114
631 351
524 398
676 794
904 824
891 258
416 666
721 629
439 788
1 126
977 59
395 974
271 916
142 562
110 351
979 685
570 798
131 605
778 711
630 692
915 963
942 407
322 18
28 117
886 223
340 338
800 788
627 772
876 385
350 109
975 622
863 413
611 353
752 572
261 730
79 224
84 381
835 445
631 53
631 325
219 882
652 784
521 855
50 851
656 109
166 879
982 761
658 489
177 114
567 987
221 993
18 751
659 302
456 489
858 647
147 471
425 283
58 477
118 304
460 995
563 735
58 812
87 816
30 462
563 369
337 101
514 30
705 138
567 521
897 369
329 501
169 705
474 191
380 416
951 994
131 858
314 44
713 429
269 753
159 273
97 423
643 382
760 235
536 799
747 905
5 165
628 890
284 588
668 59
8 234
115 295
558 28
89 135
80 517
194 371
53 888
183 778
826 391
910 58
566 837
258 91
561 934
447 960
967 773
654 817
497 295
121 605
721 24
770 586
322 494
847 522
908 439
27 167
215 530
597 581
159 694
954 134
969 20
658 684
613 566
897 203
132 454
604 981
973 279
829 869
786 751
807 694
25 137
5 132
667 492
915 234
75 152
803 686
121 193
950 151
673 84
821 328
407 498
401 726
698 944
425 511
818 492
601 316
314 984
581 587
744 106
266 86
282 410
701 546
85 844
279 359
754 669
658 373
23 960
672 28
639 778
66 782
334 857
207 229
729 433
369 132
503 876
952 181
983 424
419 856
74 771
684 616
370 620
823 284
887 166
148 983
288 769
721 314
955 247
183 916
499 449
154 967
841 894
414 175
837 721
683 844
367 602
34 787
515 477
394 517
962 831
629 187
852 111
802 22
572 80
486 719
77 46
420 530
521 622
758 373
549 606
783 721
766 269
616 492
123 593
70 763
238 175
192 785
630 450
170 690
166 776
875 919
937 822
773 643
946 270
581 882
97 539
691 470
252 825
824 70
754 254
294 360
839 328
877 931
292 478
468 281
172 127
614 64
362 274
964 140
691 94
242 4
906 135
796 686
388 73
277 541
778 359
690 988
52 425
926 4
718 988
286 754
135 186
615 548
147 490
280 240
385 822
91 656
435 530
635 829
108 535
576 992
888 238
222 862
92 568
335 991
863 245
467 810
777 680
167 491
223 694
537 335
408 280
799 887
108 376
484 321
300 235
405 897
245 31
179 534
42 387
924 694
836 695
485 105
497 388
164 822
801 110
596 147
154 789
76 551
305 392
72 34
261 30
983 0
92 210
99 545
671 359
497 501
827 473
486 6
866 208
77 609
592 147
685 762
881 436
565 32
449 210
51 46
310 215
434 662
254 93
426 393
604 978
901 402
38 102
214 101
730 537
266 552
280 390
532 459
418 790
502 625
717 458
681 123
657 686
291 902
889 986
147 901
163 729
94 262
960 140
2 520
299 393
450 502
393 684
293 212
329 51
973 659
265 628
806 108
472 324
649 303
388 559
44 603
911 424
429 45
242 448
41 179
154 479
354 547
600 866
556 290
439 769
699 733
113 822
155 609
937 685
409 167
601 196
115 144
918 824
258 74
943 434
184 772
995 221
199 899
832 627
975 844
165 224
843 98
636 911
70 277
909 869
898 478
870 541
581 426
155 352
725 972
276 256
692 213
762 840
270 16
969 11
193 304
755 903
556 195
188 550
808 577
43 942
111 519
692 156
105 548
590 449
392 707
172 195
369 126
908 486
370 309
500 693
787 191
899 505
231 722
357 901
661 100
256 949
81 505
78 211
776 764
946 306
66 901
596 235
943 914
54 642
409 174
422 98
765 663
713 814
795 763
795 201
598 69
463 834
594 971
702 391
849 258
356 182
442 630
15 388
184 232
154 114
9 642
945 556
463 380
405 848
954 180
12 229
682 321
135 935
384 289
529 886
378 704
560 273
223 826
812 102
86 488
486 415
922 548
459 368
279 567
787 397
511 895
22 327
226 699
716 177
486 357
532 68
715 819
148 509
802 687
552 98
86 864
625 559
41 450
268 697
876 614
928 779
254 429
931 452
355 287
742 261
693 796
605 797
630 794
807 9
708 380
394 424
208 680
901 32
377 217
707 559
22 714
784 11
280 225
280 711
499 209
354 438
577 952
157 204
754 277
808 593
608 443
357 165
55 170
715 827
339 417
239 488
70 702
540 915
327 405
431 127
62 561
739 916
194 644
924 900
409 188
85 145
740 897
504 168
607 397
319 115
112 669
361 322
98 790
852 447
122 968
293 286
47 234
390 438
206 279
524 92
125 298
365 408
468 445
547 586
61 108
59 236
670 854
2 984
103 971
741 337
784 628
367 574
97 37
22 217
899 747
820 351
973 280
541 472
796 294
683 583
936 129
623 443
952 513
488 150
457 279
72 316
781 976
938 956
522 321
725 836
518 997
81 543
824 467
537 455
445 691
244 410
906 414
585 781
360 297
740 485
794 328
84 763
458 323
324 487
260 11
732 952
437 238
620 970
596 397
75 142
109 554
797 446
891 708
696 360
783 360
891 435
686 500
388 338
216 835
170 109
640 584
171 916
945 762
294 500
82 806
913 412
821 441
274 78
132 721
336 143
979 945
405 250
946 106
310 71
351 566
542 322
903 347
781 813
714 766
75 99
828 273
721 299
604 59
873 355
852 377
315 547
923 263
973 700
837 708
387 876
938 326
197 802
136 14
132 56
195 539
140 570
265 353
86 853
973 415
860 564
850 596
297 802
956 337
777 875
478 691
641 934
585 186
293 413
266 379
614 293
314 193
213 548
477 481
345 205
644 558
70 804
282 39
977 111
367 992
284 980
912 479
485 636
533 879
748 446
33 14
557 656
145 493
843 579
367 783
857 800
161 821
943 715
293 411
778 599
200 892
99 216
382 666
574 140
343 651
960 712
391 349
28 720
548 824
111 869
994 497
821 7
652 551
724 475
819 805
302 675
463 476
160 363
185 627
986 861
885 284
656 426
354 698
776 94
859 888
859 898
120 825
614 957
508 826
368 915
385 701
748 180
752 901
890 644
960 739
288 159
755 974
960 149
639 193
373 530
500 806
71 689
361 854
612 23
353 379
388 264
632 221
880 133
492 538
321 473
753 998
54 189
493 10
542 73
685 548
849 857
257 858
588 356
273 773
406 93
755 846
808 667
58 448
503 258
543 80
449 288
596 49
742 422
809 553
823 26
788 632
506 233
887 474
769 166
461 387
956 309
673 106
515 514
442 93
744 492
398 986
878 865
137 137
518 21
48 862
520 107
797 418
249 537
646 685
628 544
491 563
561 974
400 390
703 634
542 114
470 909
118 26
858 508
399 289
511 542
32 174
840 872
546 828
447 856
816 581
554 564
978 11
379 599
422 95
510 729
393 831
259 23
372 968
870 65
275 767
583 204
328 455
83 420
265 684
946 733
577 297
503 898
458 699
954 961
346 538
214 621
316 117
577 159
269 79
72 510
274 175
167 155
189 256
491 804
335 418
207 260
947 948
868 650
507 742
747 578
498 953
753 774
485 57
351 677
966 157
399 943
745 568
337 92
615 294
68 733
362 546
370 147
67 107
18 761
186 373
226 187
253 855
84 992
370 462
630 337
520 806
326 14
728 752
230 79
727 638
790 266
604 434
266 925
823 531
804 609
198 444
575 574
159 756
688 929
930 784
585 394
258 489
888 841
682 176
968 386
237 500
168 449
229 59
445 7
601 195
133 293
639 398
565 298
677 764
380 7
336 980
521 531
273 230
912 14
473 206
407 917
400 496
716 182
153 599
162 585
177 316
135 527
263 50
599 208
13 991
707 22
977 525
131 562
709 183
840 454
103 622
842 71
437 491
582 524
655 198
499 246
99 25
623 816
723 33
931 609
821 798
270 397
195 858
98 673
101 774
469 153
823 435
674 14
274 392
297 781
651 708
941 881
937 2
4 419
469 318
655 91
295 7
547 765
576 165
29 712
395 123
974 173
407 369
798 162
298 315
571 192
423 402
114 685
654 103
589 954
268 551
521 936
178 474
150 759
241 632
246 8
549 183
804 931
334 161
352 496
369 950
987 102
832 60
759 64
339 167
799 895
6 443
53 899
278 301
578 589
210 98
350 565
509 890
143 115
901 845
343 607
927 408
969 855
819 724
912 252
769 637
342 822
936 69
696 458
549 547
613 974
878 758
874 264
937 372
117 36
118 429
293 651
260 619
56 175
699 836
810 438
349 327
933 277
127 513
297 754
469 538
895 975
946 658
339 885
820 913
535 597
485 505
658 44
579 798
638 260
601 922
529 950
792 295
383 170
935 935
371 303
188 763
107 288
807 257
178 552
379 46
109 341
162 213
948 117
554 238
695 646
141 725
889 5
659 51
741 884
127 616
667 208
309 932
344 410
501 252
173 32
235 115
120 126
756 188
254 539
608 195
560 501
643 596
590 889
906 868
683 303
108 261
45 349
305 748
792 832
765 722
729 874
604 926
482 910
418 17
613 88
86 944
55 547
233 953
10 81
505 576
494 243
115 626
472 952
470 82
591 596
33 162
124 737
656 487
150 839
268 324
484 916
214 634
790 522
749 848
898 63
16 373
773 308
994 608
636 252
659 453
655 962
703 837
967 914
