100
807 249
73 658
930 272
544 878
923 709
440 165
492 42
987 503
327 729
840 612
303 169
709 157
560 933
99 278
816 335
97 826
512 267
810 633
979 149
579 821
967 672
393 336
485 745
228 91
194 357
1 153
708 944
668 490
124 196
530 903
722 666
549 24
801 853
977 408
228 933
298 981
635 13
865 814
63 536
425 669
115 94
629 501
517 195
105 404
451 298
188 123
505 882
752 566
716 337
438 144
501 897
871 828
137 358
177 397
294 904
609 231
745 175
635 298
142 399
968 412
260 557
594 8
395 968
113 530
6 962
942 365
82 852
767 821
695 712
671 901
590 831
738 57
616 790
640 679
335 6
972 98
95 319
454 223
289 760
905 126
123 506
813 770
238 94
220 844
366 534
226 394
363 738
844 590
550 159
623 947
385 217
272 539
247 385
496 885
623 420
144 968
735 915
625 534
42 11
679 152
